1, Gas Pipeline Project, 0, 85601000.0000, 117500000.0000, 1
2, Engineering, 1, 800000.0000, 950000.0000, 1
3, Materials, 1, 23400000.0000, 28000000.0000, 1
4, Construction, 1, 61000000.0000, 88000000.0000, 1
5, Supervision, 1, 401000.0000, 550000.0000, 1
6, Line, 2, 300000.0000, 400000.0000, 0
7, Stations, 2, 500000.0000, 550000.0000, 0
8, Pipes, 3, 14500000.0000, 16000000.0000, 0
9, Machinery, 3, 8900000.0000, 12000000.0000, 0
10, Section A, 4, 31000000.0000, 47000000.0000, 1
11, Section B, 4, 30000000.0000, 41000000.0000, 1
12, Welding, 5, 200000.0000, 250000.0000, 0
13, Civil, 5, 145000.0000, 200000.0000, 0
14, Buildings, 5, 56000.0000, 100000.0000, 0
15, Civil works, 10, 20000000.0000, 30000000.0000, 0
16, Civil works, 11, 18000000.0000, 25000000.0000, 0
17, Pipeline, 10, 11000000.0000, 17000000.0000, 0
18, Pipeline, 11, 12000000.0000, 16000000.0000, 0